42 4D 00 1C 00 13 00 18 00 22 01 DE 00 01 00 01 00 00 00 00 00 00 00 00 00 00 00 00 00 1E 00 E0 01 15 00 00 01 90 03 7E 42 4D 00 1C 00 11 00 16 00 1F 02 29 00 02 00 02 00 00 00 00 00 00 00 00 00 00 00 00 00 1E 00 DF 01 15 00 00 01 90 02 C4 42 4D 00 1C 00 12 00 17 00 21 02 70 00 02 00 02 00 00 00 00 00 00 00 00 00 00 00 00 00 1E 00 DE 01 14 00 00 01 90 03 0D 42 4D 00 1C 00 12 00 17 00 21 02 B9 00 02 00 02 00 00 00 00 00 00 00 00 00 00 00 00 00 1E 00 DE 01 14 00 00 01 90 03 56 42 4D 00 1C 00 12 00 17 00 21 03 10 00 03 00 03 00 00 00 00 00 00 00 00 00 00 00 00 00 1E 00 DE 01 14 00 00 01 90 02 B0 42 4D 00 1C 00 11 00 16 00 1F 03 67 00 03 00 03 00 00 00 00 00 00 00 00 00 00 00 00 00 1E 00 DE 01 14 00 00 01 90 03 03 42 4D 00 1C 00 12 00 17 00 21 03 B6 00 03 00 03 00 00 00 00 00 00 00 00 00 00 00 00 00 1E 00 DE 01 14 00 00 01 90 03 56 42 4D 00 1C 00 11 00 16 00 1F 04 14 00 04 00 04 00 00 00 00 00 00 00 00 00 00 00 00 00 1E 00 DD 01 14 00 00 01 90 02 B2 42 4D 00 1C 00 11 00 16 00 1F 04 6E 00 04 00 04 00 00 00 00 00 00 00 00 00 00 00 00 00 1E 00 DD 01 14 00 00 01 90 03 0C 42 4D 00 1C 00 11 00 16 00 1F 04 D4 00 04 00 04 00 00 00 00 00 00 00 00 00 00 00 00 00 1E 00 DC 01 14 00 00 01 92 03 73 42 4D 00 1C 00 12 00 17 00 21 05 2F 00 05 00 05 00 00 00 00 00 00 00 00 00 00 00 00 00 1E 00 DC 01 14 00 00 01 92 02 D5 42 4D 00 1C 00 12 00 17 00 21 05 82 00 05 00 05 00 00 00 00 00 00 00 00 00 00 00 00 00 1E 00 DC 01 14 00 00 01 A4 03 3A 42 4D 00 1C 00 10 00 14 00 1D 05 DE 00 05 00 05 00 00 00 00 00 00 00 00 00 00 00 00 00 1E 00 DE 01 13 00 08 01 9B 03 8D 42 4D 00 1C 00 10 00 15 00 1E 06 28 00 06 00 06 00 00 00 00 00 00 00 00 00 00 00 00 00 1E 00 DE 01 13 00 00 01 9C 02 D5 42 4D 00 1C 00 11 00 16 00 1F 06 7E 00 06 00 06 00 00 00 00 00 00 00 00 00 00 00 00 00 1E 00 DD 01 13 00 00 01 90 03 21 42 4D 00 1C 00 12 00 17 00 21 06 D7 00 06 00 06 00 00 00 00 00 00 00 00 00 00 00 00 00 1E 00 DD 01 13 00 01 01 90 03 7F 42 4D 00 1C 00 13 00 18 00 22 07 26 00 07 00 07 00 00 00 00 00 00 00 00 00 00 00 00 00 1E 00 DD 01 13 00 00 01 90 02 D3 42 4D 00 1C 00 14 00 19 00 24 07 74 00 07 00 07 00 00 00 00 00 00 00 00 00 00 00 00 00 1E 00 DC 01 12 00 00 01 9C 03 2F 42 4D 00 1C 00 14 00 1A 00 25 07 C8 00 07 00 07 00 00 00 00 00 00 00 00 00 00 00 00 00 1E 00 DD 01 12 00 05 01 91 03 80 42 4D 00 1C 00 15 00 1B 00 27 08 1B 00 08 00 08 00 00 00 00 00 00 00 00 00 00 00 00 00 1E 00 DD 01 12 00 00 01 91 02 D5 42 4D 00 1C 00 16 00 1C 00 28 08 66 00 08 00 08 00 00 00 00 00 00 00 00 00 00 00 00 00 1E 00 DD 01 12 00 00 01 91 03 23 42 4D 00 1C 00 17 00 1D 00 2A 08 B8 00 08 00 08 00 00 00 00 00 00 00 00 00 00 00 00 00 1E 00 DD 01 12 00 05 01 90 03 7D 42 4D 00 1C 00 18 00 1F 00 2C 09 0F 00 09 00 08 00 00 00 00 00 00 00 00 00 00 00 00 00 1E 00 DD 01 12 00 00 01 93 02 D9 42 4D 00 1C 00 19 00 20 00 2E 09 65 00 09 00 09 00 00 00 00 00 00 00 00 00 00 00 00 00 1E 00 DD 01 12 00 00 01 94 03 35 42 4D 00 1C 00 1A 00 21 00 2F 09 BD 00 09 00 09 00 00 00 00 00 00 00 00 00 00 00 00 00 1E 00 DD 01 12 00 00 01 99 03 95 42 4D 00 1C 00 1A 00 21 00 2F 09 CC 00 0A[2021-02-25 02:39:14.408]
 00 09 00 00 00 00 00 00 00 00 00 00 00 00 00 1E 00 DC 01 12 00 01 01 9E 03 AA 42 4D 00 1C 00 1A 00 21 00 2F 09 C3 00 0A[2021-02-25 02:39:15.504]
 00 09 00 00 00 00 00 00 00 00 00 00 00 00 00 1E 00 DC 01 12 00 04 01 90 03 96 42 4D 00 1C 00 1A 00 21 00 2F 09 C7 00 0A[2021-02-25 02:39:16.602]
 00 09 00 00 00 00 00 00 00 00 00 00 00 00 00 1E 00 DC 01 11 00 00 01 9F 03 A4 42 4D 00 1C 00 1A 00 21 00 2F 09 CB 00 0A[2021-02-25 02:39:17.698]
 00 09 00 00 00 00 00 00 00 00 00 00 00 00 00 1E 00 DB 01 11 00 00 01 90 03 98 42 4D 00 1C 00 1A 00 21 00 2F 09 CB 00 0A[2021-02-25 02:39:18.796]
 00 09 00 00 00 00 00 00 00 00 00 00 00 00 00 1E 00 DB 01 11 00 03 01 99 03 A4 42 4D 00 1C 00 1A 00 21 00 2F 09 CE 00 0A[2021-02-25 02:39:19.891]
 00 09 00 00 00 00 00 00 00 00 00 00 00 00 00 1E 00 DB 01 11 00 00 01 98 03 A3 42 4D 00 1C 00 1A 00 21 00 2F 09 D7 00 0A[2021-02-25 02:39:20.989]
 00 09 00 00 00 00 00 00 00 00 00 00 00 00 00 1E 00 DB 01 11 00 06 01 97 03 B1 42 4D 00 1C 00 1B 00 22 00 31 09 EA 00 09 00 09 00 00 00 00 00 00 00 00 00 00 00 00 00 1E 00 DB 01 11 00 04 01 9B 03 C9 42 4D 00 1C 00 1B 00 22 00 31 09 F7 00 0A[2021-02-25 02:39:23.179]
 00 09 00 00 00 00 00 00 00 00 00 00 00 00 00 1E 00 DB 01 11 00 00 01 9C 03 D4 42 4D 00 1C 00 1B 00 22 00 31 09 F1 00 0A[2021-02-25 02:39:24.283]
 00 09 00 00 00 00 00 00 00 00 00 00 00 00 00 1E 00 DC 01 10 00 01 01 9F 03 D2 42 4D 00 1C 00 1B 00 22 00 31 09 E8 00 0A[2021-02-25 02:39:25.371]
 00 09 00 00 00 00 00 00 00 00 00 00 00 00 00 1E 00 DC 01 10 00 00 01 A7 03 D0 42 4D 00 1C 00 1A 00 21 00 2F 09 DC 00 0A[2021-02-25 02:39:26.470]
 00 09 00 00 00 00 00 00 00 00 00 00 00 00 00 1E 00 DC 01 10 00 00 01 A7 03 C0 42 4D 00 1C 00 1A 00 21 00 2F 09 D2 00 0A[2021-02-25 02:39:27.566]
 00 09 00 00 00 00 00 00 00 00 00 00 00 00 00 1E 00 DC 01 10 00 02 01 9E 03 AF 42 4D 00 1C 00 1A 00 21 00 2F 09 CF 00 0A[2021-02-25 02:39:28.664]
 00 09 00 00 00 00 00 00 00 00 00 00 00 00 00 1E 00 DC 01 10 00 00 01 9B 03 A7 42 4D 00 1C 00 1A 00 21 00 2F 09 C2 00 0A[2021-02-25 02:39:29.760]
 00 09 00 00 00 00 00 00 00 00 00 00 00 00 00 1E 00 DC 01 10 00 00 01 9B 03 9A 42 4D 00 1C 00 1A 00 21 00 2F 09 B9 00 0A[2021-02-25 02:39:30.976]
 00 09 00 00 00 00 00 00 00 00 00 00 00 00 00 1E 00 DC 01 10 00 00 01 98 03 8E 42 4D 00 1C 00 1A 00 21 00 2F 09 B0 00 0A[2021-02-25 02:39:31.951]
 00 09 00 00 00 00 00 00 00 00 00 00 00 00 00 1E 00 DB 01 10 00 00 01 98 03 84 42 4D 00 1C 00 1A 00 21 00 2F 09 9B 00 0A[2021-02-25 02:39:33.215]
 00 09 00 00 00 00 00 00 00 00 00 00 00 00 00 1E 00 DB 01 10 00 06 01 9A 03 77 42 4D 00 1C 00 19 00 20 00 2E 09 93 00 0A[2021-02-25 02:39:34.151]
 00 09 00 00 00 00 00 00 00 00 00 00 00 00 00 1E 00 DC 01 10 00 00 01 97 03 64 